F 609043789 0 2 4 abcdef 5 6 7 8 3 18 2 12 104 0
S 1 2 0 5106565120 629145600
S 2 0 0 4294967296 44040192
S 3 1 0 4339007488 767557632
M 1 0 1 0 0 32902 1234 0 1 000000 7340032 0 4294967296 1 6
M 1 0 2 0 0 32902 1234 0 1 000000 7340032 0 4294967296 2 6
M 1 0 3 0 0 32902 1234 0 1 000000 7340032 0 4294967296 3 6
M 1 1 4 0 0 32902 1234 0 1 000000 7340032 0 4294967296 4 6
M 1 1 5 0 0 32902 1234 0 1 000000 7340032 0 4294967296 5 6
M 1 1 6 0 0 32902 1234 0 1 000000 7340032 0 4294967296 6 6
M 1 0 1 1 1 32902 1234 0 1 000000 127926272 0 4339007488 1 6
M 1 0 2 1 1 32902 1234 0 1 000000 127926272 0 4339007488 2 6
M 1 0 3 1 1 32902 1234 0 1 000000 127926272 0 4339007488 3 6
M 1 1 4 1 1 32902 1234 0 1 000000 127926272 0 4339007488 4 6
M 1 1 5 1 1 32896 1234 0 1 000000 127926272 0 4339007488 5 6
M 1 1 6 1 1 32902 1234 0 1 000000 127926272 0 4339007488 6 6
M 1 0 1 2 2 32902 1234 0 1 000000 104857600 0 5106565120 7 6
M 1 0 2 2 2 32902 1234 0 1 000000 104857600 0 5106565120 8 6
M 1 0 3 2 2 32902 1234 0 1 000000 104857600 0 5106565120 9 6
M 1 1 4 2 2 32902 1234 0 1 000000 104857600 0 5106565120 10 6
M 1 1 5 2 2 32902 1234 0 1 000000 104857600 0 5106565120 11 6
M 1 1 6 2 2 32902 1234 0 1 000000 104857600 0 5106565120 12 6
H 1 0 12 3 1 2 3
H 1 1 12 3 4 5 6
I 1 0 0 16 256 0 768 1536 2304 3072 3840 8448 9216 9984 10752 11520 16896 17664 18432 19200 19968
I 2 0 0 16 256 256 1024 1792 2560 3328 8704 9472 10240 11008 11776 16384 17152 17920 18688 19456 20224
I 3 0 0 16 256 512 1280 2048 2816 3584 8192 8960 9728 10496 11264 12032 16640 17408 18176 18944 19712
I 4 0 0 16 256 4068 5376 6144 6912 7680 12288 13056 13824 14592 15360 16128 20736 21504 22272 23040 23808
I 5 0 0 16 256 4096 4864 5632 6400 7168 7936 12544 13312 14080 14848 15616 20992 21760 22528 23296 24064
I 6 0 0 16 256 4352 5120 5888 6656 7424 12800 13568 14336 15104 15872 20480 21248 22016 22784 23552 24320
I 7 0 0 1 4096 X
I 8 0 0 1 4096 X
I 9 0 0 1 4096 X
I 10 0 0 1 4096 X
I 11 0 0 1 4096 X
I 12 0 0 1 4096 X