F 609043789 0 2 4 abcdef 5 6 7 8 9 45 5 15 104 0
S 1 2 0 817889280 6442450944
S 2 0 0 6291456 44040192
S 3 1 0 50331648 767557632
S 1 5 0 8071938048 6442450944
S 2 3 0 7260340224 44040192
S 3 4 0 7304380416 767557632
S 1 8 0 14920187904 3221225472
S 2 6 0 14514388992 22020096
S 3 7 0 14536409088 383778816
M 1 0 1 0 0 32896 1234 0 1 000000 7340032 0 6291456 1 6
M 1 0 2 0 0 32896 1234 0 1 000000 7340032 0 6291456 2 6
M 1 0 3 0 0 32896 1234 0 1 000000 7340032 0 6291456 3 6
M 1 1 4 0 0 32896 1234 0 1 000000 7340032 0 6291456 4 6
M 1 1 5 0 0 32896 1234 0 1 000000 7340032 0 6291456 5 6
M 1 1 6 0 0 32896 1234 0 1 000000 7340032 0 6291456 6 6
M 1 0 1 1 1 32896 1234 0 1 000000 127926272 0 50331648 1 6
M 1 0 2 1 1 32896 1234 0 1 000000 127926272 0 50331648 2 6
M 1 0 3 1 1 32896 1234 0 1 000000 127926272 0 50331648 3 6
M 1 1 4 1 1 32896 1234 0 1 000000 127926272 0 50331648 4 6
M 1 1 5 1 1 32896 1234 0 1 000000 127926272 0 50331648 5 6
M 1 1 6 1 1 32896 1234 0 1 000000 127926272 0 50331648 6 6
M 1 0 1 2 2 32896 1234 0 1 000000 1073741824 0 817889280 7 6
M 1 0 2 2 2 32896 1234 0 1 000000 1073741824 0 817889280 8 6
M 1 0 3 2 2 32896 1234 0 1 000000 1073741824 0 817889280 9 6
M 1 1 4 2 2 32896 1234 0 1 000000 1073741824 0 817889280 10 6
M 1 1 5 2 2 32896 1234 0 1 000000 1073741824 0 817889280 11 6
M 1 1 6 2 2 32896 1234 0 1 000000 1073741824 0 817889280 12 6
M 2 0 7 0 3 32896 1234 0 1 000000 7340032 0 7260340224 1 6
M 2 0 8 0 3 32896 1234 0 1 000000 7340032 0 7260340224 2 6
M 2 0 9 0 3 32896 1234 0 1 000000 7340032 0 7260340224 3 6
M 2 1 10 0 3 32896 1234 0 1 000000 7340032 0 7260340224 4 6
M 2 1 11 0 3 32896 1234 0 1 000000 7340032 0 7260340224 5 6
M 2 1 12 0 3 32896 1234 0 1 000000 7340032 0 7260340224 6 6
M 2 0 7 1 4 32896 1234 0 1 000000 127926272 0 7304380416 1 6
M 2 0 8 1 4 32896 1234 0 1 000000 127926272 0 7304380416 2 6
M 2 0 9 1 4 32896 1234 0 1 000000 127926272 0 7304380416 3 6
M 2 1 10 1 4 32896 1234 0 1 000000 127926272 0 7304380416 4 6
M 2 1 11 1 4 32896 1234 0 1 000000 127926272 0 7304380416 5 6
M 2 1 12 1 4 32896 1234 0 1 000000 127926272 0 7304380416 6 6
M 2 0 7 2 5 32896 1234 0 1 000000 1073741824 0 8071938048 7 6
M 2 0 8 2 5 32896 1234 0 1 000000 1073741824 0 8071938048 8 6
M 2 0 9 2 5 32896 1234 0 1 000000 1073741824 0 8071938048 9 6
M 2 1 10 2 5 32896 1234 0 1 000000 1073741824 0 8071938048 10 6
M 2 1 11 2 5 32896 1234 0 1 000000 1073741824 0 8071938048 11 6
M 2 1 12 2 5 32896 1234 0 1 000000 1073741824 0 8071938048 12 6
M 3 0 13 0 6 32896 1234 0 1 000000 7340032 0 14514388992 13 3
M 3 0 14 0 6 32896 1234 0 1 000000 7340032 0 14514388992 14 3
M 3 0 15 0 6 32896 1234 0 1 000000 7340032 0 14514388992 15 3
M 3 0 13 1 7 32896 1234 0 1 000000 127926272 0 14536409088 13 3
M 3 0 14 1 7 32896 1234 0 1 000000 127926272 0 14536409088 14 3
M 3 0 15 1 7 32896 1234 0 1 000000 127926272 0 14536409088 15 3
M 3 0 13 2 8 32896 1234 0 1 000000 1073741824 0 14920187904 7 3
M 3 0 14 2 8 32896 1234 0 1 000000 1073741824 0 14920187904 8 3
M 3 0 15 2 8 32896 1234 0 1 000000 1073741824 0 14920187904 9 3
H 1 0 12 3 1 2 3
H 1 1 12 3 4 5 6
H 2 0 12 3 7 8 9
H 2 1 12 3 10 11 12
H 3 0 12 3 13 14 15
I 1 0 0 16 256 0 768 1536 2304 3072 3840 8448 9216 9984 10752 11520 16896 17664 18432 19200 19968
I 2 0 0 16 256 256 1024 1792 2560 3328 8704 9472 10240 11008 11776 16384 17152 17920 18688 19456 20224
I 3 0 0 16 256 512 1280 2048 2816 3584 8192 8960 9728 10496 11264 12032 16640 17408 18176 18944 19712
I 4 0 0 16 256 4068 5376 6144 6912 7680 12288 13056 13824 14592 15360 16128 20736 21504 22272 23040 23808
I 5 0 0 16 256 4096 4864 5632 6400 7168 7936 12544 13312 14080 14848 15616 20992 21760 22528 23296 24064
I 6 0 0 16 256 4352 5120 5888 6656 7424 12800 13568 14336 15104 15872 20480 21248 22016 22784 23552 24320
I 7 0 0 1 4096 X
I 8 0 0 1 4096 X
I 9 0 0 1 4096 X
I 10 0 0 1 4096 X
I 11 0 0 1 4096 X
I 12 0 0 1 4096 X
I 13 0 0 3 256 0 768 1536
I 14 0 0 3 256 256 1024 1792
I 15 0 0 3 256 512 1280 2048
